"timestamp","total_users","active_users","inactive_users"
"1542326400",8,4,4
"1542585600",9,5,4
"1542672000",11,7,4
"1542758400",12,8,4
"1542844800",24,20,4
"1542931200",30,26,4
"1543017600",31,27,4
"1543190400",37,33,4
"1543276800",39,35,4
"1543449600",41,37,4
"1543536000",42,38,4
"1543795200",43,39,4
"1543881600",45,41,4
"1543968000",47,43,4
"1544054400",49,45,4
"1544486400",52,47,5
"1544745600",52,43,9
"1544832000",52,41,11
"1545091200",52,40,12
"1545177600",52,39,13
"1545264000",53,39,14
"1545350400",54,37,17
"1545436800",54,36,18
"1545696000",54,35,19
"1545782400",54,34,20
"1545868800",54,30,24
"1545955200",54,27,27
"1546387200",54,23,31
"1546473600",54,23,31
"1546560000",55,24,31
"1546646400",55,20,35
"1546732800",56,21,35
"1546905600",58,23,35
"1546992000",58,24,34
"1547078400",58,25,33
"1547164800",58,24,34
"1547251200",58,23,35
"1547510400",60,25,35
"1547942400",61,26,35
"1548115200",61,25,36
"1548201600",62,26,36
"1548288000",63,27,36
"1548460800",63,28,35
"1548547200",64,29,35
"1548892800",65,30,35
"1548979200",67,32,35
"1549152000",67,33,34
"1549324800",69,35,34
"1549411200",70,36,34
"1549497600",70,34,36
"1549843200",73,37,36
"1550102400",73,35,38
"1550188800",74,36,38
"1550448000",74,35,39
"1550534400",75,34,41
"1550620800",75,35,40
"1551052800",76,36,40
"1551225600",77,38,39
"1551312000",79,40,39
"1551398400",79,40,39
"1551484800",79,39,40
"1551571200",79,37,42
"1551744000",81,37,44
"1552003200",82,37,45
"1552089600",82,36,46
"1552262400",84,38,46
"1552348800",85,39,46
"1552435200",85,37,48
"1552953600",88,39,49
"1553212800",88,37,51
"1553299200",89,38,51
"1553385600",91,40,51
"1553558400",92,40,52
"1553644800",94,40,54
"1553731200",95,41,54
"1553817600",96,41,55
"1553904000",96,40,56
"1554163200",97,39,58
"1554249600",98,39,59
"1554336000",100,42,58
"1554422400",101,43,58
"1554508800",102,44,58
"1554595200",103,45,58
"1554854400",104,45,59
"1554940800",104,46,58
"1555027200",106,48,58
"1555200000",106,47,59
"1555286400",107,47,60
"1555372800",108,48,60
"1555459200",109,48,61
"1555718400",110,49,61
"1555891200",113,52,61
"1556064000",114,51,63
"1556150400",115,50,65
"1556236800",117,49,68
"1556323200",117,50,67
"1556496000",118,50,68
"1556582400",118,51,67
"1556668800",118,49,69
"1556755200",119,46,73
"1556841600",120,48,72
"1556928000",120,47,73
"1557014400",121,48,73
"1557187200",122,49,73
"1557273600",123,48,75
"1557360000",123,47,76
"1557532800",124,48,76
"1557619200",125,49,76
"1557705600",127,51,76
"1557792000",127,49,78
"1557964800",127,52,75
"1558224000",128,53,75
"1558310400",129,54,75
"1558396800",129,53,76
"1558569600",130,54,76
"1558656000",131,56,75
"1558742400",132,57,75
"1558915200",132,56,76
"1559001600",135,58,77
"1559088000",135,57,78
"1559174400",135,57,78
"1559260800",135,56,79
"1559433600",135,55,80
"1559520000",136,56,80
"1559606400",136,55,81
"1559692800",137,55,82
"1559779200",140,58,82
"1559865600",142,60,82
"1559952000",143,60,83
"1560038400",144,61,83
"1560124800",145,62,83
"1560211200",146,63,83
"1560297600",146,62,84
"1560470400",147,62,85
"1560643200",147,60,87
"1560729600",148,61,87
"1560816000",148,60,88
"1560988800",148,59,89
"1561161600",148,58,90
"1561248000",149,59,90
"1561507200",149,56,93
"1561593600",149,53,96
"1561680000",149,52,97
"1561766400",149,50,99
"1561852800",149,49,100
"1561939200",150,50,100
"1562025600",150,49,101
"1562112000",150,48,102
"1562198400",151,48,103
"1562284800",151,46,105
"1562457600",152,45,107
"1562544000",153,46,107
"1562630400",156,47,109
"1562716800",157,47,110
"1562803200",157,46,111
"1563235200",158,42,116
"1563321600",159,42,117
"1563580800",159,42,117
"1563753600",162,45,117
"1563840000",162,44,118
"1563926400",163,44,119
"1563984194",162,43,119
"1564009518",162,43,119
"1564124583",164,45,119
"1564128088",164,45,119
"1564128594",164,45,119
"1564315271",168,49,119
"1564315674",168,49,119
"1564345719",168,49,119
"1564349648",168,49,119
"1564354804",168,49,119
"1564441204",170,50,120
"1564527604",171,49,122
"1564614003",173,48,125
"1564700402",176,51,125
"1564786802",177,50,127
"1564873202",177,49,128
"1564959606",178,49,129
"1565046003",179,51,128
"1565132403",180,51,129
"1565218804",180,52,128
"1565305203",180,52,128
"1565342838",180,52,128
"1565391605",181,52,129
"1565478005",182,52,130
"1565564404",183,52,131
"1565650805",183,53,130
"1565737204",185,52,133
"1565823607",188,54,134
"1565910010",189,55,134
"1565996406",191,54,137
"1566082805",191,55,136
"1566169206",191,54,137
"1566255604",192,55,137
"1566342004",195,52,143
"1566428407",195,55,140
"1566514804",198,55,143
"1566601206",199,53,146
"1566687605",199,51,148
"1566774005",199,50,149
"1566826256",199,50,149
"1566860404",199,50,149
"1566946805",201,52,149
"1567033206",203,53,150
"1567119606",203,53,150
"1567206005",204,54,150
"1567292405",204,54,150
"1567378806",205,54,151
"1567465204",205,53,152
"1567551604",207,55,152
"1567638003",208,57,151
"1567724406",208,57,151
"1567810805",210,59,151
"1567897206",210,58,152
"1567983602",211,58,153
"1568070004",212,59,153
"1568156405",213,59,154
"1568242805",213,59,154
"1568329208",213,59,154
"1568415607",214,59,155
"1568502005",216,58,158
"1568588404",216,60,156
"1568674806",216,60,156
"1568761205",216,59,157
"1568847604",218,59,159
"1568934004",227,63,164
"1569020404",230,70,160
"1569106804",231,70,161
"1569193205",232,71,161
"1569279604",233,72,161
"1569366003",234,73,161
"1569452405",237,75,162
"1569538805",237,75,162
"1569625204",238,74,164
"1569711605",238,75,163
"1569798005",239,76,163
"1569884404",242,77,165
"1569970804",242,76,166
"1570057205",245,78,167
"1570143605",247,80,167
"1570230003",250,82,168
"1570316403",250,84,166
"1570402805",250,84,166
"1570489204",252,84,168
"1570575602",252,85,167
"1570662005",254,86,168
"1570748404",257,87,170
"1570834805",259,85,174
"1570921204",259,85,174
"1571007604",259,84,175
"1571094004",259,84,175
"1571180404",260,81,179
"1571266805",261,80,181
"1571353204",262,81,181
"1571439605",263,82,181
"1571526003",269,80,189
"1571612405",269,80,189
"1571669829",269,78,191
"1571698803",269,78,191
"1571785204",269,77,192
"1571871604",269,78,191
"1571958005",270,74,196
"1572044406",272,72,200
"1572130803",272,71,201
"1572220803",273,71,202
"1572307205",276,70,206
"1572393603",276,73,203
"1572480005",276,72,204
"1572566404",278,70,208
"1572652804",280,70,210
"1572739205",280,72,208
"1572825604",280,71,209
"1572912004",280,71,209
"1572998405",280,70,210
"1573084804",281,71,210
"1573171204",281,72,209
"1573257604",281,70,211
"1573344005",282,70,212
"1573430405",282,69,213
"1573516805",282,71,211
"1573603205",283,71,212
"1573689606",286,74,212
"1573776003",286,74,212
"1573862403",286,75,211
"1573948808",286,74,212
"1574035205",286,74,212
"1574121605",286,73,213
"1574208004",288,69,219
"1574294404",290,71,219
"1574380804",294,72,222
"1574467205",294,75,219
"1574553605",294,71,223
"1574640004",294,70,224
"1574726404",295,69,226
"1574812806",296,71,225
"1574899205",298,72,226
"1574985605",298,71,227
"1575072005",298,70,228
"1575158406",299,70,229
"1575244804",299,70,229
"1575331203",301,70,231
"1575417604",305,72,233
"1575504004",312,79,233
"1575590404",314,84,230
"1575676804",315,86,229
"1575763204",315,89,226
"1575849603",316,89,227
"1575936004",316,90,226
"1576108805",322,93,229
"1576195204",325,91,234
"1576281603",328,95,233
"1576368003",328,94,234
"1576454404",329,94,235
"1576540804",330,96,234
"1576627205",332,96,236
"1576713605",335,99,236
"1576800003",335,99,236
"1576886404",338,101,237
"1576972804",338,100,238
"1577059205",338,99,239
"1577145604",339,100,239
"1577232003",339,98,241
"1577318407",339,95,244
"1577404805",339,92,247
"1577491205",339,91,248
"1577577605",339,90,249
"1577664006",339,89,250
"1577750405",339,88,251
"1577836805",340,84,256
"1577923204",343,84,259
"1578009602",343,76,267
"1578096004",344,66,278
"1578182404",344,52,292
"1578268804",344,51,293
"1578355204",345,50,295
"1578441604",348,49,299
"1578528003",350,51,299
"1578614405",352,51,301
"1578700804",353,52,301
"1578787203",353,52,301
"1578873605",353,52,301
"1578960005",356,54,302
"1579046404",357,57,300
"1579132804",364,62,302
"1579219205",366,70,296
"1579305604",369,76,293
"1579392004",370,78,292
"1579478404",371,78,293
"1579564804",375,82,293
"1579651205",377,84,293
"1579737604",380,85,295
"1579824004",381,88,293
"1579910403",382,91,291
"1579996805",382,92,290
"1580083205",382,92,290
"1580169604",383,93,290
"1580256004",387,97,290
"1580342404",394,97,297
"1580428803",400,106,294
"1580515204",400,110,290
"1580601604",401,109,292
"1580688005",401,109,292
"1580774405",409,115,294
"1580860804",410,118,292
"1580947205",413,121,292
"1581033604",416,122,294
"1581120004",417,118,299
"1581206403",417,116,301
"1581292807",417,115,302
"1581379205",420,114,306
"1581465604",422,116,306
"1581552005",424,115,309
"1581638404",429,119,310
"1581724805",434,122,312
"1581811204",435,122,313
"1581897605",438,123,315
"1581984005",439,127,312
"1582070405",442,127,315
"1582156805",445,128,317
"1582243206",450,129,321
"1582329604",451,132,319
"1582416007",452,135,317
"1582502405",454,137,317
"1582588803",456,140,316
"1582675205",463,136,327
"1582761604",464,142,322
"1582848004",466,144,322
"1582934404",468,144,324
"1583020803",468,146,322
"1583107203",470,146,324
"1583193605",477,153,324
"1583280005",480,155,325
"1583366405",488,165,323
"1583452804",493,171,322
"1583539205",495,175,320
"1583625606",495,174,321
"1583712006",496,173,323
"1583798403",497,172,325
"1583884804",498,168,330
"1583971204",500,168,332
"1584057605",501,165,336
"1584144005",504,164,340
"1584230403",504,162,342
"1584316805",505,162,343
"1584403204",505,161,344
"1584489605",514,164,350
"1584576002",516,167,349
"1584662404",520,168,352
"1584748804",524,175,349
"1584835203",525,173,352
"1584921604",527,173,354
"1585008005",537,174,363
"1585094403",541,180,361
"1585180805",548,180,368
"1585267202",555,182,373
"1585353605",557,184,373
"1585440004",558,182,376
"1585522805",562,184,378
"1585609203",563,186,377
"1585695603",566,188,378
"1585782002",568,189,379
"1585868404",571,188,383
"1585954804",574,186,388
"1586041205",576,187,389
"1586127603",577,188,389
"1586214004",578,188,390
"1586300405",581,188,393
"1586386805",585,184,401
"1586473204",586,184,402
"1586559603",586,182,404
"1590410319",655,126,529
"1590416445",655,126,529
"1590447603",656,126,530
"1590534003",658,125,533
"1590620403",659,123,536
"1590706802",663,124,539
"1590793203",664,123,541
"1590879603",665,123,542
"1590966003",665,122,543
"1591052403",669,119,550
"1591138804",672,124,548
"1591225204",672,121,551
"1591311602",673,120,553
"1591398002",675,119,556
"1591484404",675,118,557
"1591570802",675,119,556
"1591657204",676,119,557
"1591743603",680,123,557
"1591830005",682,120,562
"1591916404",684,123,561
"1592002804",686,120,566
"1592089204",686,117,569
"1592175603",686,117,569
"1592262003",691,122,569
"1592348403",695,125,570
"1592434803",698,126,572
"1592521204",700,129,571
"1592607603",703,133,570
"1592694003",703,131,572
"1592780402",706,133,573
"1592866804",708,135,573
"1592953202",711,138,573
"1593039602",712,137,575
"1593126004",712,137,575
"1593212402",712,137,575
"1593298803",713,136,577
"1593385203",713,136,577
"1593471603",714,137,577
"1593558003",714,137,577
"1593644403",716,135,581
"1593730803",719,135,584
"1593817203",721,136,585
"1593903603",721,133,588
"1593990003",721,133,588
"1594076403",722,133,589
"1594162803",723,132,591
"1594249202",727,131,596
"1594335603",728,130,598
"1594422004",733,133,600
"1594508403",736,135,601
"1594594804",738,136,602
"1594681203",754,150,604
"1594767603",757,158,599
"1594854002",760,159,601
"1594940404",761,156,605
"1595026803",766,159,607
"1595113203",768,162,606
"1595199603",773,164,609
"1595286004",777,169,608
"1595372404",783,176,607
"1595458803",790,183,607
"1595545203",796,188,608
"1595631603",799,192,607
"1595718004",800,191,609
"1595804403",801,191,610
"1595890804",803,194,609
"1595977203",804,191,613
"1596063604",805,188,617
"1596137502",806,185,621
"1596150004",806,185,621
"1596236403",808,186,622
"1596322803",809,179,630
"1596409203",810,178,632
"1596495603",813,180,633
"1596582002",813,172,641
"1596668403",815,171,644
"1596754803",815,168,647
"1596841202",817,168,649
"1596927603",817,168,649
"1597014003",817,166,651
"1597100404",819,165,654
"1597186803",821,162,659
"1597273203",823,164,659
"1597359602",824,156,668
"1597446002",825,154,671
"1597532403",825,154,671
"1597618803",826,153,673
"1597705204",826,153,673
"1597791602",827,155,672
"1597878002",830,156,674
"1597964403",833,159,674
"1598050803",834,160,674
"1598137202",834,158,676
"1598223603",834,156,678
"1598310003",835,156,679
"1598396402",836,156,680
"1598482803",836,141,695
"1598569202",838,132,706
"1598655602",838,129,709
"1598742002",838,123,715
"1598828402",839,123,716
"1598914802",840,123,717
"1599001203",842,122,720
"1599087602",843,121,722
"1599174002",845,121,724
"1599260403",847,117,730
"1599346802",848,117,731
"1599433202",849,117,732
"1599519604",854,117,737
"1599606002",855,120,735
"1599692404",862,125,737
"1599778802",863,126,737
"1599865202",863,121,742
"1599951603",864,121,743
"1600038004",864,121,743
"1600124403",866,122,744
"1600210804",866,120,746
"1600297204",866,120,746
"1600383601",868,124,744
"1600470004",869,120,749
"1600556403",870,120,750
"1600642804",870,119,751
"1600729203",870,118,752
"1600815604",870,118,752
"1600902004",873,118,755
"1600988403",875,120,755
"1601074804",877,121,756
"1601161204",877,119,758
"1601247604",877,119,758
"1601334004",879,120,759
"1601420404",881,120,761
"1601506802",882,121,761
"1601593202",885,120,765
"1601679603",887,121,766
"1601766003",887,123,764
"1601852404",887,123,764
"1601938803",889,124,765
"1602025203",892,124,768
"1602111603",894,122,772
"1602198004",897,128,769
"1602284404",898,125,773
"1602370804",899,127,772
"1602457203",899,126,773
"1602716404",907,134,773
"1602802807",908,135,773
"1602889205",911,137,774
"1602975606",912,134,778
"1603062005",912,134,778
"1603148405",914,136,778
"1603234806",916,137,779
"1603321202",919,139,780
"1603407602",920,140,780
"1603494004",922,136,786
"1603580404",923,132,791
"1603670402",924,133,791
"1603843202",930,137,793
"1604102404",939,138,801
"1604534402",946,136,810
"1604880003",960,149,811
"1604966403",964,153,811
"1605225603",970,153,817
"1605312002",973,157,816
"1605398402",973,155,818
"1605484803",974,155,819
"1605571203",976,156,820
"1605657604",979,155,824
"1606089603",993,159,834
"1606348803",1001,161,840
"1606435202",1004,167,837
"1606608003",1009,161,848
"1606953603",1021,169,852
"1607040002",1025,172,853
"1607212804",1027,172,855
"1607472003",1033,174,859
"1607558402",1040,182,858
"1607644803",1043,180,863
"1613650911",1221,232,989
"1613692803",1224,235,989
"1613779203",1228,235,993
"1613865602",1229,236,993
"1613952002",1229,235,994
"1614038402",1237,241,996
"1614124803",1240,244,996
"1614211203",1245,246,999
"1614297603",1248,239,1009
"1614384003",1250,228,1022
"1614470403",1251,226,1025
"1614556802",1252,227,1025
"1614643202",1257,230,1027
"1614729603",1264,231,1033
"1614816003",1269,228,1041
"1614902404",1270,223,1047
"1614988803",1275,224,1051
"1615075203",1276,222,1054
"1615161603",1276,221,1055
"1615248004",1282,228,1054
"1615334404",1289,231,1058
"1615420803",1293,234,1059
"1615507204",1301,235,1066
"1615593602",1306,235,1071
"1615680004",1309,234,1075
"1615766403",1309,234,1075
"1615852803",1312,237,1075
"1615939204",1319,245,1074
"1616025603",1321,246,1075
"1616112004",1329,251,1078
"1616198403",1332,254,1078
"1616284804",1333,260,1073
"1616371202",1337,262,1075
"1616457603",1358,282,1076
"1616544004",1365,291,1074
"1616595046",1367,293,1074
"1616630403",1368,294,1074
"1616716804",1373,303,1070
"1616803204",1376,305,1071
"1616889603",1377,296,1081
"1616972403",1378,293,1085
"1617058802",1381,295,1086
"1617145202",1388,296,1092
"1617231603",1391,297,1094
"1617318002",1395,297,1098
"1617404403",1402,298,1104
"1617490802",1402,293,1109
"1617577203",1404,290,1114
"1617663603",1406,291,1115
"1617750002",1409,289,1120
"1617836403",1411,286,1125
"1617922802",1413,287,1126
"1618009203",1416,285,1131
"1618095602",1417,283,1134
"1618182001",1417,280,1137
"1618268403",1421,280,1141
"1618354803",1430,273,1157
"1618441203",1432,261,1171
"1618527602",1438,261,1177
"1618614003",1446,258,1188
"1618700402",1447,254,1193
"1618786803",1447,252,1195
"1618873202",1453,256,1197
"1618959601",1453,253,1200
"1619046003",1455,251,1204
"1619132403",1457,250,1207
"1619218804",1457,245,1212
"1619305203",1457,242,1215
"1619391603",1458,243,1215
"1619478003",1461,244,1217
"1619564404",1466,249,1217
"1619650803",1470,252,1218
"1619737203",1481,261,1220
"1619823604",1483,263,1220
"1619910004",1485,265,1220
"1619996403",1486,265,1221
"1620082803",1487,266,1221
"1620169204",1490,261,1229
"1620255602",1494,259,1235
"1620342003",1497,258,1239
"1620428403",1500,256,1244
"1620514803",1502,253,1249
"1620601202",1504,254,1250
"1620687602",1507,256,1251
"1620774004",1511,255,1256
"1620860403",1514,255,1259
"1620946802",1516,256,1260
"1621033203",1527,263,1264
"1621119604",1529,266,1263
"1621206003",1529,265,1264
"1621292403",1532,267,1265
"1621378802",1535,268,1267
"1621465202",1539,259,1280
"1621551603",1542,253,1289
"1621638003",1545,244,1301
"1621724404",1545,239,1306
"1621810803",1548,242,1306
"1621897202",1552,241,1311
"1621983603",1560,247,1313
"1622070003",1562,247,1315
"1622156403",1564,243,1321
"1622242803",1566,241,1325
"1622329203",1566,237,1329
"1622415603",1566,235,1331
"1622502003",1567,236,1331
"1622588402",1571,240,1331
"1622674802",1578,236,1342
"1622761203",1583,233,1350
"1622847604",1592,234,1358
"1622934003",1593,231,1362
"1623020402",1595,233,1362
"1623106802",1601,238,1363
"1623193202",1606,237,1369
"1623279603",1607,233,1374
"1623366003",1616,240,1376
"1623452404",1622,244,1378
"1623538803",1622,239,1383
"1623625202",1623,240,1383
"1623711603",1627,243,1384
"1623798003",1629,239,1390
"1623884403",1634,238,1396
"1623970802",1638,240,1398
"1624057203",1641,240,1401
"1624143604",1643,240,1403
"1624230004",1643,239,1404
"1624316403",1645,239,1406
"1624402802",1650,244,1406
"1624489203",1654,247,1407
"1624575602",1661,246,1415
"1624662003",1661,246,1415
"1624748403",1661,246,1415
"1624834803",1662,239,1423
"1624921204",1666,241,1425
"1625007602",1669,237,1432
"1625094003",1674,233,1441
"1625180403",1683,240,1443
"1625266803",1686,238,1448
"1625353204",1687,235,1452
"1625439603",1687,234,1453
"1625526004",1689,235,1454
"1625612402",1692,238,1454
"1625698804",1698,240,1458
"1625785203",1705,245,1460
"1625871602",1712,246,1466
"1625958004",1713,247,1466
"1626044403",1714,248,1466
"1626130803",1718,252,1466
"1626217202",1721,252,1469
"1626303603",1727,256,1471
"1626390002",1731,257,1474
"1626476404",1736,250,1486
"1626562804",1737,246,1491
"1626649203",1738,246,1492
"1626735602",1738,244,1494
"1626822004",1741,240,1501
"1626908403",1746,239,1507
"1626994804",1748,234,1514
"1627081204",1752,231,1521
"1627167603",1753,228,1525
"1627254003",1754,227,1527
"1627340402",1760,232,1528
"1627426803",1764,233,1531
"1627513202",1766,232,1534
"1627599604",1771,234,1537
"1627686002",1774,233,1541
"1627772404",1775,222,1553
"1627858803",1776,223,1553
"1627945202",1778,224,1554
"1628031603",1781,221,1560
"1628118004",1781,216,1565
"1628204404",1784,209,1575
"1628290803",1786,209,1577
"1628377204",1788,198,1590
"1628463603",1789,198,1591
"1628550003",1791,200,1591
"1628636404",1794,202,1592
"1628722804",1799,197,1602
"1628809203",1802,194,1608
"1628895604",1804,193,1611
"1628982004",1805,190,1615
"1629068403",1807,192,1615
"1629154803",1808,192,1616
"1629241204",1810,190,1620
"1629327603",1816,190,1626
"1629414004",1819,188,1631
"1629500403",1822,186,1636
"1629586803",1823,181,1642
"1629673203",1823,179,1644
"1629759603",1824,179,1645
"1629846002",1831,180,1651
"1629932402",1835,179,1656
"1630018803",1840,182,1658
"1630105203",1846,184,1662
"1630191605",1847,181,1666
"1630278004",1847,181,1666
"1630364402",1849,180,1669
"1630450803",1856,186,1670
"1630537203",1868,196,1672
"1630623604",1871,195,1676
"1630710004",1874,197,1677
"1630796404",1874,194,1680
"1630882803",1874,194,1680
"1630969204",1876,196,1680
"1631055604",1881,202,1679
"1631142005",1888,211,1677
"1631228404",1895,221,1674
"1631314806",1899,224,1675
"1631401205",1902,224,1678
"1631487605",1904,226,1678
"1631574004",1908,230,1678
"1631660405",1912,238,1674
"1631746804",1923,246,1677
"1631833205",1928,249,1679
"1631919604",1932,253,1679
"1632006004",1933,240,1693
"1632092405",1933,240,1693
"1632178805",1935,242,1693
"1632265205",1941,247,1694
"1632351604",1945,248,1697
"1632438003",1948,240,1708
"1632524405",1950,237,1713
"1632610808",1950,233,1717
"1632697204",1951,234,1717
"1632783604",1959,241,1718
"1632870003",1964,242,1722
"1632956404",1969,241,1728
"1633042804",1974,243,1731
"1633129203",1978,244,1734
"1633215605",1978,239,1739
"1633302005",1980,238,1742
"1633388405",1981,238,1743
"1633474806",1989,242,1747
"1633561204",1994,241,1753
"1633993203",2004,239,1765
"1634079604",2007,243,1764
"1634166005",2010,242,1768
"1634252403",2018,250,1768
"1634338804",2023,253,1770
"1634425205",2022,252,1770
"1634511604",2024,254,1770
"1634598005",2030,259,1771
"1634684403",2039,266,1773
"1634770805",2042,266,1776
"1634857205",2045,263,1782
"1634943604",2051,258,1793
"1635030005",2053,259,1794
"1635116403",2054,259,1795
"1635202805",2057,259,1798
"1635289204",2067,265,1802
"1635375604",2074,263,1811
"1635462005",2084,281,1803
"1635548405",2087,287,1800
"1635629123",2088,288,1800
"1635630898",2088,288,1800
"1635634804",2088,288,1800
"1635724804",2089,288,1801
"1635811204",2094,293,1801
"1635897603",2096,292,1804
"1635984005",2101,296,1805
"1636070405",2106,300,1806
"1636156805",2111,300,1811
"1636243205",2113,299,1814
"1636329605",2114,298,1816
"1636416004",2121,305,1816
"1636502406",2131,313,1818
"1636588805",2136,311,1825
"1636675204",2143,314,1829
"1636761604",2146,315,1831
"1636848005",2148,315,1833
"1636934405",2149,316,1833
"1637020805",2153,318,1835
"1637107205",2156,320,1836
"1637193605",2163,323,1840
"1637280004",2167,323,1844
"1637366406",2173,328,1845
"1637452805",2174,326,1848
"1637539204",2176,327,1849
"1637625605",2180,331,1849
"1637712006",2182,331,1851
"1637798404",2186,335,1851
"1637884805",2190,335,1855
"1637971206",2193,325,1868
"1638057606",2193,314,1879
"1638144005",2193,313,1880
"1638230405",2193,312,1881
"1638316805",2193,304,1889
"1638403206",2199,303,1896
"1638489604",2209,312,1897
"1638576005",2209,304,1905
"1638662407",2210,305,1905
"1638748805",2211,305,1906
"1638835206",2221,316,1905
"1638921605",2227,321,1906
"1639008006",2229,322,1907
"1639094405",2232,320,1912
"1639180805",2238,323,1915
"1639267205",2240,324,1916
"1639353606",2240,321,1919
"1639440005",2249,328,1921
"1639526405",2257,336,1921
"1639579394",2258,315,1943
"1639612806",2259,316,1943
"1639785605",2269,312,1957
"1639872005",2269,304,1965
"1639958405",2269,304,1965
"1640044805",2270,304,1966
"1640131204",2273,305,1968
"1640217605",2276,299,1977
"1640304005",2278,301,1977
"1640390406",2279,289,1990
"1640476805",2279,269,2010
"1640563205",2279,267,2012
"1640649603",2282,269,2013
"1640736005",2283,257,2026
"1640822404",2286,245,2041
"1640908805",2288,238,2050
"1640995204",2290,236,2054
"1641081606",2291,213,2078
"1641168005",2291,210,2081
"1641254405",2293,210,2083
"1641340806",2294,201,2093
"1641427207",2298,191,2107
"1641513604",2305,185,2120
"1641600004",2310,180,2130
"1641686406",2310,174,2136
"1641772805",2310,174,2136
"1641859204",2316,178,2138
"1641945605",2323,186,2137
"1642032004",2327,189,2138
"1642118405",2336,199,2137
"1642204805",2343,207,2136
"1642291205",2344,212,2132
"1642377606",2344,212,2132
"1642464006",2348,216,2132
"1642550405",2352,218,2134
"1642636805",2361,228,2133
"1642723203",2368,238,2130
"1642809605",2374,241,2133
"1642896006",2374,238,2136
"1642982405",2375,238,2137
"1643068805",2379,241,2138
"1643155206",2384,246,2138
"1643241602",2392,254,2138
"1643328005",2396,255,2141
"1643414405",2400,260,2140
"1643500805",2400,260,2140
"1643587205",2403,263,2140
"1643673604",2407,267,2140
"1643760005",2410,268,2142
"1643846404",2424,276,2148
"1643932804",2431,279,2152
"1644019205",2435,278,2157
"1644105605",2436,275,2161
"1644192006",2438,275,2163
"1644278405",2450,286,2164
"1644364806",2456,291,2165
"1644451205",2462,293,2169
"1644537604",2467,295,2172
"1644624003",2471,300,2171
"1644710405",2471,298,2173
"1644796805",2471,295,2176
"1644883205",2478,300,2178
"1644969605",2481,300,2181
"1645056006",2491,309,2182
"1645142404",2501,310,2191
"1645228806",2503,308,2195
"1645315204",2504,308,2196
"1645401604",2508,311,2197
"1645488004",2518,319,2199
"1645574407",2521,322,2199
"1645660806",2529,325,2204
"1645747205",2539,329,2210
"1645833606",2543,330,2213
"1645920005",2545,321,2224
"1646006406",2547,322,2225
"1646092805",2556,329,2227
"1646179206",2566,328,2238
"1646265604",2573,331,2242
"1646352005",2582,339,2243
"1646438405",2588,341,2247
"1646524808",2588,340,2248
"1646611204",2590,341,2249
"1646697603",2600,351,2249
"1646784003",2620,364,2256
"1646870405",2639,384,2255
"1646956805",2646,384,2262
"1647043206",2656,391,2265
"1647129605",2657,392,2265
"1647216008",2658,393,2265
"1647302406",2666,395,2271
"1647388805",2669,395,2274
"1647475206",2674,397,2277
"1647561608",2684,406,2278
"1647648005",2691,415,2276
"1647734404",2692,418,2274
"1647820805",2692,417,2275
"1647907205",2698,421,2277
"1647993606",2701,418,2283
"1648080004",2711,418,2293
"1648166405",2717,417,2300
"1648252804",2722,417,2305
"1648339204",2726,420,2306
"1648422003",2731,425,2306
"1648508404",2737,430,2307
"1648594805",2748,433,2315
"1648681205",2755,410,2345
"1648767606",2762,405,2357
"1648854005",2777,406,2371
"1648940405",2779,390,2389
"1649026804",2780,388,2392
"1649113205",2785,393,2392
"1649199605",2789,385,2404
"1649286004",2795,385,2410
"1649372405",2801,386,2415
"1649458805",2811,386,2425
"1649545206",2811,382,2429
"1649631606",2814,384,2430
"1649718006",2816,387,2429
"1649804405",2819,390,2429
"1649890805",2824,390,2434
"1649977204",2831,388,2443
"1650063605",2833,384,2449
"1650150005",2835,382,2453
"1650236405",2838,381,2457
"1650322805",2842,385,2457
"1650409206",2846,385,2461
"1650495607",2854,374,2480
"1650582006",2862,370,2492
"1650668405",2866,365,2501
"1650754806",2870,357,2513
"1650841205",2871,357,2514
"1650927606",2877,357,2520
"1651014006",2886,358,2528
"1651100405",2895,356,2539
"1651186805",2904,359,2545
"1651273205",2907,362,2545
"1651359607",2909,354,2555
"1651446005",2910,355,2555
"1651532405",2917,361,2556
"1651618805",2920,365,2555
"1651705205",2925,370,2555
"1651791605",2933,377,2556
"1651878004",2937,376,2561
"1651964404",2937,374,2563
"1652050806",2938,374,2564
"1652137205",2944,378,2566
"1652223605",2949,384,2565
"1652310005",2960,390,2570
"1652396406",2970,394,2576
"1652482806",2976,398,2578
"1652569206",2979,394,2585
"1652655605",2980,391,2589
"1652742006",2987,398,2589
"1652828405",2990,400,2590
"1652914804",2998,400,2598
"1653001204",3000,396,2604
"1653087604",3008,400,2608
"1653174006",3009,394,2615
"1653260404",3010,394,2616
"1653346804",3016,397,2619
"1653519605",3031,402,2629
"1653606005",3035,400,2635
"1653692406",3040,398,2642
"1653778806",3040,398,2642
"1653865207",3040,398,2642
"1653951605",3044,400,2644
"1654124404",3059,406,2653
"1654210805",3061,401,2660
"1654297204",3064,393,2671
"1654383605",3065,394,2671
"1654470006",3067,396,2671
"1654556405",3073,401,2672
"1654642805",3084,406,2678
"1654729205",3091,411,2680
"1654815605",3099,419,2680
"1654902005",3104,405,2699
"1654988405",3104,398,2706
"1655074806",3104,398,2706
"1655161207",3108,402,2706
"1655247605",3113,403,2710
"1655334004",3122,407,2715
"1655420405",3126,408,2718
"1655506804",3135,417,2718
"1655593205",3137,413,2724
"1655679605",3138,410,2728
"1655766004",3141,413,2728
"1655852405",3147,417,2730
"1655938805",3154,419,2735
"1656111606",3165,422,2743
"1656198005",3167,410,2757
"1656284410",3167,411,2756
"1656370805",3171,414,2757
"1656543605",3182,416,2766
"1656630006",3190,425,2765
"1656716404",3195,430,2765
"1656802806",3195,414,2781
"1656889204",3197,414,2783
"1656975606",3201,417,2784
"1657062005",3208,424,2784
"1657148406",3213,409,2804
"1657234806",3216,402,2814
"1657321207",3221,397,2824
"1657407604",3222,390,2832
"1657494006",3225,393,2832
"1657580405",3236,403,2833
"1657666804",3239,408,2831
"1657753204",3244,408,2836
"1657839603",3249,402,2847
"1657926005",3255,409,2846
"1658012405",3257,407,2850
"1658098804",3257,405,2852
"1658185205",3263,408,2855
"1658271604",3265,409,2856
"1658358004",3268,407,2861
"1658530804",3278,401,2877
"1658617205",3279,398,2881
"1658703605",3281,400,2881
"1658790006",3283,402,2881
"1658876404",3286,400,2886
"1658962805",3289,404,2885
"1659049205",3300,409,2891
"1659135606",3306,415,2891
"1659222004",3307,400,2907
"1659308404",3307,400,2907
"1659394804",3311,402,2909
"1659481206",3323,405,2918
"1659567603",3328,407,2921
"1659654005",3335,406,2929
"1659740405",3340,405,2935
"1659826806",3343,407,2936
"1659913204",3345,398,2947
"1660086003",3355,407,2948
"1660258806",3363,408,2955
"1660345204",3366,395,2971
"1660431607",3369,398,2971
"1660518005",3369,375,2994
"1660604406",3377,383,2994
"1660690805",3383,389,2994
"1660777205",3390,380,3010
"1660863606",3394,370,3024
"1660950005",3398,371,3027
"1661036405",3399,360,3039
"1661122805",3401,360,3041
"1661209203",3409,368,3041
"1661295604",3414,372,3042
"1661468405",3428,362,3066
"1661554805",3435,368,3067
"1661641205",3438,369,3069
"1661727604",3439,367,3072
"1661814005",3445,373,3072
"1661900406",3453,381,3072
"1661986805",3458,384,3074
"1662073204",3460,386,3074
"1662159604",3465,386,3079
"1662246005",3466,355,3111
"1662332404",3467,355,3112
"1662418805",3469,357,3112
"1662505206",3475,356,3119
"1662591605",3482,359,3123
"1662678003",3484,355,3129
"1662764404",3485,354,3131
"1662850807",3485,348,3137
"1663023605",3491,352,3139
"1663110005",3500,355,3145
"1663196405",3505,359,3146
"1663282805",3507,361,3146
"1663369204",3509,352,3157
"1663455604",3510,345,3165
"1663542004",3512,345,3167
"1663628405",3517,351,3166
"1663714805",3525,359,3166
"1663801205",3534,353,3181
"1663839954",3535,354,3181
"1663887604",3541,360,3181
"1663974005",3543,357,3186
"1664060406",3544,356,3188
"1664146805",3544,356,3188
"1664233205",3548,359,3189
"1664319605",3575,383,3192
"1665135207",3909,715,3194
"1665188004",3916,721,3195
"1665274347",3929,732,3197
"1665360925",3935,735,3200
"1665620117",3958,763,3195
"1665706307",3962,772,3190
"1665793382",3972,775,3197
"1665879433",3973,774,3199
"1665965661",3978,780,3198
"1666052233",3984,786,3198
"1666138787",3991,788,3203
"1666224874",4000,788,3212
"1666311308",4007,764,3243
"1666398052",4014,761,3253
"1666484347",4017,744,3273
"1666570667",4017,740,3277
"1666657294",4025,740,3285
"1666743706",4036,641,3395
"1666830109",4053,640,3413
"1667002776",4072,627,3445
"1667089309",4073,622,3451
"1667179233",4073,613,3460
"1667230060",4076,616,3460
"1667265620",4079,614,3465
"1667351831",4085,608,3477
"1667438607",4091,602,3489
"1667524934",4098,598,3500
"1667611664",4105,600,3505
"1667698159",4106,592,3514
"1667784473",4107,593,3514
"1667870598",4114,596,3518
"1667956988",4119,598,3521
"1668043562",4122,594,3528
"1668129722",4135,594,3541
"1668216163",4143,602,3541
"1668302557",4145,604,3541
"1668388828",4147,598,3549
"1668475317",4150,601,3549
"1668561657",4158,600,3558
"1668648372",4167,599,3568
"1668734761",4170,586,3584
"1668821045",4173,577,3596
"1668907484",4174,571,3603
"1668993582",4175,567,3608
"1669080220",4182,572,3610
"1669166599",4189,573,3616
"1669253011",4195,562,3633
"1669339299",4201,564,3637
"1669425697",4207,559,3648
"1669605355",4206,551,3655
"1669691953",4215,560,3655
"1669776419",4227,568,3659
"1669863073",4238,563,3675
"1669949454",4245,559,3686
"1670121736",4255,549,3706
"1670208602",4260,552,3708
"1670295023",4266,556,3710
"1670381261",4269,555,3714
"1670467541",4280,554,3726
"1670554680",4296,563,3733
"1670640706",4300,562,3738
"1670726775",4302,560,3742
"1670813293",4305,562,3743
"1670899872",4312,567,3745
"1670986074",4319,565,3754
"1671072682",4327,561,3766
"1671158909",4338,561,3777
"1671245733",4342,561,3781
"1671331749",4344,562,3782
"1671418223",4346,564,3782
"1671504626",4349,566,3783
"1671591037",4355,561,3794
"1671678058",4359,565,3794
"1671764121",4360,537,3823
"1671850592",4362,533,3829
"1671937093",4362,523,3839
"1672023396",4364,522,3842
"1672110785",4366,522,3844
"1672197751",4369,514,3855
"1672282511",4372,507,3865
"1672368997",4372,498,3874
"1672455676",4372,463,3909
"1672541874",4372,395,3977
"1672627851",4372,388,3984
"1672714149",4375,387,3988
"1672887488",4389,337,4052
"1672974329",4392,310,4082
"1673060731",4394,312,4082
"1673146550",4394,269,4125
"1673232915",4395,267,4128
"1673319417",4408,275,4133
"1673405953",4416,285,4131
"1673492505",4421,287,4134
"1673578533",4426,288,4138
"1673664966",4431,295,4136
"1673751494",4431,295,4136
"1673837846",4438,300,4138
"1673924508",4445,305,4140
"1674010842",4454,312,4142
"1674097348",4460,317,4143
"1674183675",4465,325,4140
"1674270226",4471,328,4143
"1674356601",4471,328,4143
"1674442776",4473,330,4143
"1674529341",4487,342,4145
"1674615749",4496,348,4148
"1674702108",4559,410,4149
"1674788518",4598,448,4150
"1674875037",4627,474,4153
"1674961088",4634,481,4153
"1675047901",4638,485,4153
"1675134450",4670,517,4153
"1675220926",4714,557,4157
"1675307183",4734,576,4158
"1675393483",4754,591,4163
"1675479733",4770,604,4166
"1675566310",4772,608,4164
"1675652553",4776,612,4164
"1675739408",4794,628,4166
"1675826139",4813,644,4169
"1675913450",4829,661,4168
"1675998428",4857,683,4174
"1676084608",4873,691,4182
"1676344226",4901,715,4186
"1676430179",4915,725,4190
"1676517216",4928,730,4198
"1676603577",4939,721,4218
"1676689605",4957,720,4237
"1676776094",4960,709,4251
"1676862250",4962,709,4253
"1676948770",4978,724,4254
"1677035085",5005,729,4276
"1677121751",5035,733,4302
"1677208020",5053,732,4321
"1677294646",5063,722,4341
"1677380817",5069,715,4354
"1677467136",5071,715,4356
"1677553761",5088,730,4358
"1677639132",5098,729,4369
"1677727284",5125,736,4389
"1677813072",5154,743,4411
"1677899441",5167,742,4425
"1677985456",5173,736,4437
"1678072412",5175,737,4438
"1678158892",5196,755,4441
"1678245241",5236,779,4457
"1678331632",5278,806,4472
"1678418129",5334,853,4481
"1678504291",5373,891,4482
"1678591737",5391,883,4508
"1678677247",5406,897,4509
"1678764090",5476,965,4511
"1678850885",5494,979,4515
"1678936549",5510,981,4529
"1679022939",5520,984,4536
"1679109604",5534,992,4542
"1679195733",5541,994,4547
"1679282257",5543,988,4555
"1679368943",5555,999,4556
"1679455399",5567,1001,4566
"1679541722",5580,1006,4574
"1679628178",5597,1008,4589
"1679714374",5600,1011,4589
"1679801487",5603,968,4635
"1679883716",5607,958,4649
"1679970410",5762,988,4774
"1680056833",5771,949,4822
"1680143556",5776,923,4853
"1680230365",5781,902,4879
"1680317284",5785,855,4930
"1680404646",5786,820,4966
"1680490474",5787,807,4980
"1680577465",5797,811,4986
"1680663219",5802,753,5049
"1680750859",5813,742,5071
"1680835340",5821,730,5091
"1680921651",5827,718,5109
"1681007996",5829,692,5137
"1681094351",5830,684,5146
"1681180718",5846,698,5148
"1681267352",5857,673,5184
"1681354087",5863,656,5207
"1681440122",5872,628,5244
"1681526289",5880,614,5266
"1681612923",5881,597,5284
"1681698905",5881,595,5286
"1681785750",5895,607,5288
"1681871872",5904,593,5311
"1681958566",5919,597,5322
"1682131387",5939,603,5336
"1682217597",5942,602,5340
"1682303784",5945,602,5343
"1682390292",5950,604,5346
"1682476879",5955,602,5353
"1682563937",5961,602,5359
"1699464880",7625,2038,5587
"1699465239",7625,2038,5587
"1699519913",7631,2044,5587
"1699600137",7638,2044,5594
"1699610416",7639,2045,5594
"1699725623",7642,2042,5600
"1699812800",7644,2039,5605
"1699899710",7648,2035,5613
"1699985513",7656,1964,5692
"1700073164",7667,1975,5692
"1700944227",7743,1707,6036
"1701030180",7744,1701,6043
"1701806025",7820,1791,6029
"1701892707",7821,1805,6016
"1701980043",7826,1810,6016
"1702065707",7836,1818,6018
"1702153808",7839,1817,6022
"1702241303",7839,1813,6026
"1702326652",7842,1816,6026
"1702500173",7858,1851,6007
"1702587100",7872,1866,6006
"1702674211",7883,1876,6007
"1702759558",7886,1881,6005
"1702846254",7889,1884,6005
"1702933320",7893,1889,6004
"1704144503",7941,1715,6226
"1704317501",7951,1674,6277
"1704404726",7958,1647,6311
"1705097145",8003,1252,6751
"1705184795",8004,1221,6783
"1705269165",8009,1224,6785
"1705384200",8017,1227,6790
"1705474855",8030,1226,6804
"1705575327",8036,1491,6545
"1705713950",8053,1576,6477
"1705800283",8054,1603,6451
"1705886796",8057,1605,6452
"1705973659",8064,1615,6449
"1706059655",8081,1657,6424
"1706146584",8090,1684,6406
